46 33 20 31 58 18 
65 32 55 69 56 24 
51 28 64 21 05 08 
25 01 63 53 54 15 
11 15 53 25 07 08 
43 21 47 28 10 06 
03 65 49 36 35 26 
36 46 45 39 30 04 
44 53 02 19 48 06 
22 23 10 21 54 22 
35 64 37 48 25 20 
27 60 56 34 11 23 
38 48 43 36 63 20 
56 54 02 57 03 04 
54 25 23 30 68 11 
67 47 47 66 43 06 
32 22 49 42 55 01 
65 17 53 41 69 23 
56 68 44 16 59 02 
67 67 01 46 51 26 
62 36 08 58 66 06 
52 29 36 10 58 21 
28 04 64 63 32 13 
57 07 39 04 63 25 
09 06 01 47 10 14 
44 23 11 59 07 17 
09 61 29 56 20 02 
27 24 07 17 27 25 
35 49 19 52 42 06 
43 10 35 47 33 09 
54 11 59 52 42 01 
56 66 43 35 62 25 
52 58 52 31 01 08 
69 61 55 26 38 19 
56 47 51 03 08 03 
11 35 57 44 17 19 
41 10 59 09 22 09 
19 37 08 09 41 15 
66 50 39 58 38 12 
58 49 24 37 31 09 
06 40 67 54 06 10 
19 26 59 55 62 03 
39 23 02 67 60 24 
68 22 66 63 19 14 
11 09 22 41 39 12 
58 14 18 14 06 22 
50 25 15 17 54 08 
04 15 64 33 18 12 
06 42 34 38 09 10 
57 13 48 64 59 20 
43 19 29 54 40 12 
26 52 67 17 17 11 
33 34 23 46 32 09 
55 16 25 28 37 25 
15 58 44 24 30 20 
62 42 51 07 36 24 
15 56 20 67 64 15 
63 61 02 41 01 24 
15 59 21 54 07 24 
39 20 19 46 45 06 
06 15 18 12 48 03 
45 36 64 41 52 17 
57 05 21 16 24 08 
07 22 47 38 27 12 
10 64 42 24 23 14 
68 45 65 26 37 11 
29 10 68 28 45 15 
07 25 26 46 29 10 
20 45 43 22 28 01 
50 61 41 09 10 18 
54 18 20 19 07 03 
39 40 66 02 55 06 
29 25 66 65 52 09 
15 48 31 62 43 24 
12 04 06 38 16 03 
60 62 28 35 60 21 
18 43 44 31 26 07 
53 43 52 49 37 11 
64 40 32 64 56 14 
17 09 25 06 62 01 
07 40 36 22 03 14 
04 09 25 34 48 20 
20 36 25 42 38 14 
14 02 08 04 60 07 
55 62 62 50 32 14 
37 64 47 03 20 05 
50 27 13 61 51 05 
05 07 10 22 10 26 
44 39 51 32 59 24 
41 66 21 38 08 16 
28 53 57 50 69 23 
20 12 31 41 68 26 
03 44 30 50 57 09 
68 07 20 58 23 20 
41 57 30 07 33 16 
22 68 25 48 03 10 
24 67 24 32 47 05 
28 26 67 39 62 24 
28 09 17 06 47 01 
05 69 56 52 65 14 
51 59 11 46 54 06 
49 12 60 32 51 24 
65 55 66 25 44 21 
52 05 36 44 07 21 
17 35 13 20 09 04 
18 57 51 11 02 05 
66 60 60 69 06 22 
46 21 34 59 09 07 
69 66 32 04 62 10 
26 42 36 62 03 11 
63 09 60 22 39 08 
68 02 68 28 62 17 
56 64 47 57 37 20 
46 24 54 52 54 16 
37 38 30 37 49 11 
12 31 13 53 07 14 
44 58 26 69 10 15 
02 10 41 18 39 14 
69 09 32 33 09 26 
04 06 42 02 13 13 
10 61 34 45 39 10 
58 37 13 63 45 07 
29 16 37 03 13 14 
49 56 52 50 36 25 
30 34 32 11 41 01 
15 55 26 27 30 15 
01 55 60 51 60 20 
54 50 60 40 53 21 
26 56 60 31 20 17 
03 62 53 64 52 03 
15 40 06 07 26 16 
40 22 29 49 62 23 
50 64 17 21 20 26 
55 07 30 21 12 17 
58 23 39 67 43 17 
20 67 16 29 61 20 
64 42 60 55 26 26 
15 56 46 23 17 09 
49 50 01 58 56 22 
68 04 49 25 68 16 
03 45 34 45 09 02 
68 24 59 68 02 11 
05 32 49 14 55 26 
55 03 68 51 16 19 
17 64 34 34 07 01 
52 35 65 61 52 01 
45 23 69 61 04 22 
18 65 35 26 65 12 
27 15 62 56 69 24 
56 10 04 06 61 08 
29 69 69 24 61 05 
47 40 23 07 31 26 
19 04 39 53 13 18 
26 45 59 16 34 21 
14 35 01 13 08 03 
13 17 40 40 18 04 
34 43 20 35 06 11 
45 39 69 12 17 10 
62 64 54 03 29 04 
41 30 58 53 30 09 
37 51 09 22 62 01 
56 59 31 43 52 19 
40 38 07 08 20 07 
59 04 08 53 30 04 
25 08 04 46 62 06 
34 05 18 48 32 19 
07 27 61 10 35 05 
32 11 27 16 32 25 
10 10 15 31 40 16 
51 67 07 45 35 25 
38 58 61 32 26 02 
68 57 34 55 38 17 
11 04 62 47 19 18 
48 40 06 09 69 14 
58 52 45 29 61 22 
05 49 18 58 19 04 
52 59 03 20 60 04 
34 60 43 23 32 15 
35 63 10 25 40 04 
55 05 06 66 15 15 
60 03 33 23 69 12 
64 35 43 07 09 07 
27 54 42 48 10 19 
15 31 07 30 31 18 
54 47 41 27 16 15 
61 58 51 11 37 20 
15 01 16 62 15 11 
14 11 23 21 42 07 
25 15 53 02 61 26 
38 44 04 49 62 24 
32 38 58 25 09 05 
49 12 33 24 64 14 
69 17 42 14 60 01 
46 59 60 63 38 09 
07 24 20 13 09 19 
26 17 25 28 49 24 
58 22 05 56 02 12 
23 21 53 43 06 20 
15 26 11 44 41 26 
58 39 65 12 03 26 
09 13 20 11 59 19 
26 49 56 34 22 05 
63 58 19 60 60 18 
14 28 33 35 38 04 
41 67 44 35 48 07 
23 41 05 58 46 10 
16 11 01 45 04 17 
60 23 57 02 11 14 
47 68 07 66 68 12 
55 50 66 50 18 12 
02 32 62 25 13 08 
32 39 25 07 62 23 
41 01 66 10 34 04 
16 12 39 66 07 02 
44 64 02 20 34 13 
55 13 43 08 08 25 
24 06 65 48 63 21 
43 43 40 20 13 25 
60 63 12 04 47 02 
32 19 24 23 06 09 
65 42 05 57 10 20 
22 20 49 10 30 22 
15 41 44 10 48 04 
50 69 62 54 06 16 
46 38 34 48 07 25 
69 05 12 04 69 22 
43 33 11 43 49 01 
09 66 08 65 64 18 
34 04 01 17 50 24 
02 21 54 54 06 25 
40 18 16 12 65 12 
07 62 46 47 65 05 
24 51 42 42 29 05 
50 23 22 55 24 11 
40 35 11 04 19 01 
12 69 63 14 10 07 
04 26 43 02 22 22 
10 24 46 54 35 12 
08 60 30 13 06 21 
48 15 19 28 21 19 
46 04 20 39 60 25 
27 68 20 22 29 17 
22 12 61 63 47 20 
09 65 02 40 27 17 
08 21 48 38 31 21 
25 04 07 39 69 16 
19 34 13 32 26 09 
61 19 38 65 09 09 
59 19 26 17 21 21 
21 33 43 67 32 13 
44 16 58 22 54 09 
16 12 11 63 29 11 
29 46 22 31 18 18 
44 62 11 30 69 02 
40 44 20 26 45 11 
67 25 46 35 62 02 
27 64 22 42 62 17 
52 57 46 04 56 07 
50 61 54 48 56 07 
25 38 36 55 41 24 
53 59 52 08 11 17 
24 11 12 26 05 25 
58 07 38 57 38 17 
20 52 46 37 48 15 
50 48 44 05 08 20 
49 11 29 60 50 03 
63 53 35 43 09 04 
63 19 53 33 15 07 
60 36 19 24 33 21 
11 22 41 28 66 10 
32 06 37 26 51 13 
13 51 10 07 23 11 
46 33 07 04 60 06 
67 42 18 57 38 11 
44 69 53 05 11 07 
37 62 33 54 34 26 
03 68 05 66 63 01 
35 10 68 17 11 04 
35 48 64 41 59 18 
39 34 36 21 41 21 
01 41 25 52 69 06 
38 69 60 53 57 24 
14 05 13 57 57 07 
53 41 10 36 27 03 
24 11 54 33 45 13 
53 65 11 60 57 14 
18 14 09 51 69 19 
03 22 06 49 64 22 
21 40 03 62 35 08 
04 56 39 59 63 24 
40 14 32 38 16 02 
05 20 67 07 02 15 
28 58 43 20 04 14 
12 17 08 31 50 04 
32 28 51 53 68 19 
14 18 05 31 06 25 
52 18 32 62 28 19 
66 17 49 46 61 16 
04 64 06 03 14 02 
54 29 68 26 07 10 
05 52 69 27 66 12 
06 46 49 01 63 13 
29 59 58 11 06 01 
11 03 05 28 68 13 
48 55 49 24 04 12 
19 68 17 47 31 13 
16 54 44 63 29 13 
21 21 46 14 01 06 
02 42 62 11 04 11 
45 26 27 01 49 02 
69 43 56 39 59 07 
49 28 27 59 68 02 
30 58 21 66 03 19 
44 35 33 41 60 08 
34 61 22 59 07 23 
36 52 43 38 31 10 
47 46 02 18 26 21 
09 57 07 30 44 06 
20 25 14 20 07 22 
54 49 66 57 64 14 
11 36 17 09 40 26 
32 11 32 10 62 26 
29 64 06 17 13 21 
04 11 36 07 03 07 
28 32 39 40 62 19 
09 66 10 62 35 16 
59 15 15 26 04 07 
08 02 47 12 42 19 
27 31 24 65 39 16 
62 34 21 44 26 14 
52 45 65 09 42 12 
65 06 34 64 47 09 
11 32 02 16 27 05 
52 50 40 53 04 16 
14 28 18 50 17 02 
24 31 48 56 46 04 
08 44 21 34 60 21 
57 36 15 66 53 10 
02 14 58 17 08 23 
38 57 42 18 05 10 
03 13 44 32 58 17 
50 47 54 17 63 17 
37 03 26 69 53 16 
56 34 66 28 18 04 
61 01 18 18 45 08 
32 48 34 22 45 02 
25 56 12 14 36 12 
66 36 08 30 58 22 
35 57 17 30 36 15 
04 16 56 53 52 03 
19 54 62 49 32 13 
49 07 39 18 56 04 
05 67 34 50 12 12 
40 67 40 27 56 03 
53 57 68 69 26 09 
17 04 38 14 64 18 
24 11 12 14 22 07 
17 09 17 65 01 13 
64 07 43 04 63 19 
59 40 65 09 04 23 
11 24 65 06 04 24 
65 62 58 60 49 12 
48 43 26 49 42 08 
66 69 23 66 45 25 
32 37 28 39 19 20 
29 15 27 63 43 16 
04 49 24 12 42 19 
51 57 53 18 12 15 
40 49 07 61 23 18 
04 39 28 63 36 01 
02 65 01 16 06 03 
65 64 02 26 44 26 
28 21 47 60 09 22 
31 59 30 46 64 22 
47 23 38 61 57 18 
03 60 47 20 36 11 
03 36 43 02 32 17 
66 22 23 27 45 07 
10 55 44 07 27 24 
12 30 65 14 39 24 
43 64 03 62 49 23 
34 08 03 09 48 01 
07 58 30 42 38 01 
22 49 24 64 66 21 
04 04 50 57 26 05 
17 56 42 13 40 04 
32 63 39 46 29 16 
01 49 49 15 34 14 
51 52 33 14 63 23 
17 29 18 60 49 06 
43 26 09 18 56 01 
38 04 17 28 45 21 
20 37 24 32 59 24 
49 31 38 33 35 15 
65 55 48 13 29 09 
35 37 59 48 27 08 
40 68 32 40 15 20 
04 20 31 29 37 01 
02 68 54 54 01 08 
29 16 04 34 59 07 
12 02 44 63 48 20 
19 26 64 51 33 14 
44 24 05 07 31 09 
04 45 52 64 39 18 
10 50 16 44 03 21 
50 14 35 08 29 23 
47 39 38 53 02 24 
35 58 25 07 06 06 
17 45 06 60 41 07 
03 17 33 15 48 21 
07 22 53 22 11 08 
62 02 09 04 63 11 
15 67 59 65 64 11 
39 65 38 38 67 16 
15 32 06 25 25 02 
16 69 40 27 12 20 
33 62 23 15 14 11 
41 67 47 34 48 02 
41 59 06 41 44 25 
17 50 36 59 62 16 
18 17 47 46 57 18 
67 25 47 68 22 25 
52 02 34 45 14 17 
20 64 26 59 28 18 
48 67 12 58 32 01 
67 02 61 34 27 11 
10 36 46 08 37 07 
56 49 49 28 18 11 
51 16 11 50 55 26 
57 37 24 43 05 25 
45 66 62 67 28 17 
41 10 68 68 67 25 
43 59 04 62 14 11 
16 01 68 65 24 20 
43 14 22 04 59 21 
42 36 26 37 20 04 
52 05 38 14 45 16 
42 55 23 58 52 03 
15 20 25 22 09 03 
27 62 36 04 22 20 
46 10 63 43 55 03 
12 01 32 16 12 18 
28 69 60 24 55 18 
36 61 34 42 27 18 
43 40 24 16 18 18 
50 22 62 50 36 25 
26 23 56 20 40 10 
20 11 66 05 38 20 
67 61 33 20 20 12 
23 66 31 67 46 22 
06 57 07 36 19 12 
40 01 29 43 13 15 
63 64 17 52 13 21 
19 19 63 37 43 01 
65 50 17 05 04 10 
36 48 40 46 34 03 
63 40 47 60 29 18 
27 35 49 60 58 18 
51 04 12 63 25 03 
29 48 44 10 61 13 
02 09 37 67 20 13 
32 22 11 09 24 19 
09 54 20 10 28 04 
46 56 07 56 22 12 
12 60 29 39 30 20 
05 08 32 26 66 09 
11 24 17 06 39 17 
24 41 36 02 59 01 
63 28 12 32 33 22 
63 52 33 27 22 24 
67 57 40 49 05 16 
65 07 48 48 24 26 
29 04 54 56 60 17 
48 23 43 60 34 10 
14 29 27 26 51 02 
15 04 47 63 69 11 
58 24 02 06 06 19 
24 32 17 62 68 08 
55 54 34 42 14 01 
04 10 40 07 18 06 
29 21 35 24 05 04 
29 61 50 58 50 21 
45 04 55 63 05 12 
20 39 69 08 01 23 
46 37 09 46 55 19 
35 28 34 56 04 11 
11 56 17 19 35 04 
67 45 59 26 43 17 
33 60 33 54 27 19 
50 10 35 23 20 14 
04 23 10 49 52 06 
44 48 43 39 68 16 
07 38 60 31 05 01 
23 17 33 54 67 11 
17 68 61 49 12 15 
57 09 60 69 35 21 
24 64 10 64 07 21 
01 50 10 65 68 02 
52 04 41 08 03 13 
69 57 32 27 53 04 
63 42 11 14 52 04 
61 23 49 68 66 22 
37 66 13 50 52 06 
07 37 02 30 12 22 
69 37 51 04 17 05 
01 38 59 13 33 20 
01 47 62 65 64 14 
69 10 11 22 17 04 
61 12 02 67 55 22 
42 55 63 33 04 18 
68 08 28 30 28 10 
06 47 29 31 41 01 
61 07 48 31 18 19 
28 54 59 18 56 01 
11 23 33 45 23 20 
28 37 23 05 07 12 
42 21 19 12 44 05 
46 26 12 25 17 16 
13 33 21 64 47 15 
16 44 69 15 55 06 
27 24 47 41 61 17 
01 43 44 21 10 03 
25 55 39 27 14 14 
51 65 26 56 06 08 
32 63 44 15 68 05 
22 56 48 52 50 10 
30 30 41 02 56 14 
44 59 50 29 11 18 
38 67 61 02 56 15 
35 22 11 40 48 21 
09 14 68 37 12 22 
40 63 38 08 68 21 
11 23 11 46 20 21 
04 64 65 14 27 24 
36 33 64 16 25 24 
32 56 20 60 57 10 
59 18 43 40 52 22 
65 15 32 01 58 10 
54 34 58 48 52 12 
57 62 56 09 54 11 
10 46 19 41 17 02 
43 46 39 33 14 15 
55 28 67 56 11 07 
08 22 67 42 34 19 
11 60 15 62 60 22 
45 07 32 56 05 14 
24 52 27 24 33 13 
37 59 47 29 61 16 
69 52 07 22 48 07 
15 46 23 47 54 19 
04 14 15 13 63 12 
53 23 55 55 54 14 
32 17 34 10 49 20 
51 65 07 12 10 26 
18 39 41 26 35 20 
37 41 69 52 52 08 
43 37 34 68 68 07 
09 62 48 27 67 19 
47 28 42 66 47 10 
63 30 64 43 58 11 
08 49 15 02 31 26 
35 23 14 42 51 25 
55 62 54 56 06 21 
33 59 41 49 36 10 
53 68 35 43 24 05 
28 24 30 13 33 09 
68 33 51 41 07 09 
65 13 02 18 04 21 
08 02 64 33 28 16 
43 21 44 50 41 04 
19 47 37 35 28 06 
45 66 64 49 29 12 
62 45 44 27 05 04 
34 17 68 39 57 17 
13 67 36 19 68 21 
33 24 37 56 61 14 
50 58 64 64 34 23 
15 10 12 32 54 26 
06 20 21 67 04 01 
59 11 39 45 01 10 
41 17 37 65 52 09 
60 26 69 30 09 24 
60 68 16 40 18 11 
12 36 44 17 04 11 
07 29 62 58 23 09 
61 47 54 31 20 18 
07 49 22 52 14 10 
54 21 03 66 63 01 
10 15 29 34 14 01 
09 69 42 44 02 26 
02 24 29 37 09 11 
22 67 51 29 08 09 
16 22 27 67 44 06 
64 56 56 21 67 04 
06 40 66 11 21 22 
46 27 38 34 51 18 
34 32 01 30 39 10 
47 52 02 13 05 09 
21 68 59 46 36 14 
15 31 60 61 15 18 
49 12 14 55 17 06 
55 31 40 21 07 05 
30 32 34 68 40 20 
50 31 02 68 55 10 
43 09 56 55 43 03 
11 25 69 46 27 16 
27 49 25 39 34 23 
56 43 37 55 38 17 
69 35 16 50 33 21 
52 27 69 21 53 19 
04 59 42 12 18 20 
17 04 23 09 59 21 
41 03 03 26 47 17 
28 28 50 16 26 26 
40 39 33 10 27 03 
26 20 06 23 11 25 
30 18 60 21 36 13 
50 50 61 68 67 26 
69 33 38 01 31 02 
20 25 12 08 67 17 
05 06 66 42 07 17 
64 09 31 55 63 25 
66 67 50 03 02 02 
63 68 65 61 38 10 
41 51 32 54 06 14 
49 48 05 23 06 15 
63 41 29 04 08 20 
05 69 08 35 05 22 
12 36 13 12 20 07 
58 56 02 52 47 05 
06 15 07 59 17 21 
11 15 12 44 53 23 
16 64 49 19 66 25 
13 55 07 63 16 06 
03 02 43 62 13 02 
42 10 47 43 39 26 
27 63 65 07 47 26 
04 20 38 05 67 11 
39 04 17 52 08 16 
49 67 34 50 62 06 
13 27 13 57 15 07 
07 29 05 30 17 08 
40 47 63 18 20 10 
46 54 55 18 55 16 
42 02 32 29 33 21 
25 27 33 29 09 15 
29 18 16 09 06 05 
11 23 28 40 36 18 
63 15 08 26 12 11 
03 51 62 21 35 24 
10 09 27 63 67 10 
49 03 22 56 15 17 
16 66 52 07 69 17 
24 11 10 15 45 10 
